NACA 2408                                       
 Alfa =   0.00000 Re =        0.000 Xflap,Yflap =     0.000000    0.000000
#    x        y        Cp  
   1.00000  0.00084  0.31392
   0.99431  0.00175  0.16629
   0.98332  0.00348  0.10972
   0.97020  0.00551  0.06607
   0.95620  0.00764  0.03475
   0.94195  0.00977  0.00912
   0.92763  0.01185 -0.01320
   0.91328  0.01390 -0.03219
   0.89893  0.01591 -0.04915
   0.88457  0.01788 -0.06477
   0.87020  0.01980 -0.07945
   0.85583  0.02168 -0.09249
   0.84144  0.02352 -0.10494
   0.82706  0.02532 -0.11678
   0.81266  0.02708 -0.12792
   0.79827  0.02880 -0.13888
   0.78386  0.03048 -0.14884
   0.76946  0.03212 -0.15885
   0.75505  0.03371 -0.16870
   0.74063  0.03527 -0.17752
   0.72621  0.03678 -0.18694
   0.71179  0.03825 -0.19521
   0.69737  0.03968 -0.20412
   0.68294  0.04107 -0.21242
   0.66851  0.04242 -0.22085
   0.65408  0.04372 -0.22890
   0.63964  0.04498 -0.23657
   0.62521  0.04619 -0.24494
   0.61077  0.04736 -0.25234
   0.59634  0.04848 -0.26019
   0.58190  0.04956 -0.26787
   0.56746  0.05059 -0.27548
   0.55303  0.05157 -0.28312
   0.53859  0.05250 -0.29060
   0.52416  0.05338 -0.29834
   0.50973  0.05421 -0.30575
   0.49530  0.05498 -0.31343
   0.48088  0.05571 -0.32121
   0.46645  0.05637 -0.32904
   0.45204  0.05698 -0.33682
   0.43762  0.05754 -0.34555
   0.42322  0.05803 -0.35389
   0.40883  0.05846 -0.36361
   0.39448  0.05882 -0.37618
   0.38019  0.05909 -0.38619
   0.36592  0.05926 -0.39402
   0.35167  0.05934 -0.40115
   0.33742  0.05932 -0.40720
   0.32319  0.05919 -0.41264
   0.30897  0.05896 -0.41765
   0.29477  0.05862 -0.42122
   0.28059  0.05817 -0.42462
   0.26643  0.05760 -0.42744
   0.25229  0.05692 -0.42902
   0.23818  0.05611 -0.43047
   0.22410  0.05517 -0.43056
   0.21006  0.05410 -0.42999
   0.19605  0.05290 -0.42844
   0.18209  0.05154 -0.42600
   0.16819  0.05004 -0.42215
   0.15435  0.04838 -0.41744
   0.14058  0.04655 -0.41108
   0.12691  0.04455 -0.40313
   0.11335  0.04235 -0.39341
   0.09994  0.03996 -0.38121
   0.08671  0.03735 -0.36644
   0.07375  0.03451 -0.34829
   0.06116  0.03143 -0.32533
   0.04918  0.02815 -0.29610
   0.03821  0.02473 -0.25903
   0.02877  0.02135 -0.21214
   0.02122  0.01824 -0.15411
   0.01549  0.01548 -0.08508
   0.01117  0.01307 -0.00315
   0.00790  0.01093  0.09616
   0.00539  0.00898  0.21580
   0.00345  0.00714  0.36339
   0.00198  0.00539  0.53965
   0.00093  0.00367  0.73590
   0.00028  0.00200  0.91338
   0.00001  0.00038  0.99888
   0.00010 -0.00119  0.93978
   0.00060 -0.00281  0.73246
   0.00152 -0.00440  0.46262
   0.00288 -0.00594  0.22806
   0.00469 -0.00743  0.05580
   0.00700 -0.00888 -0.06169
   0.00992 -0.01033 -0.13899
   0.01365 -0.01182 -0.18776
   0.01850 -0.01337 -0.21657
   0.02491 -0.01499 -0.23013
   0.03325 -0.01664 -0.23167
   0.04357 -0.01822 -0.22493
   0.05543 -0.01959 -0.21345
   0.06824 -0.02072 -0.20006
   0.08160 -0.02161 -0.18611
   0.09528 -0.02228 -0.17281
   0.10918 -0.02278 -0.15985
   0.12323 -0.02312 -0.14745
   0.13740 -0.02334 -0.13583
   0.15165 -0.02346 -0.12460
   0.16596 -0.02348 -0.11424
   0.18034 -0.02343 -0.10415
   0.19476 -0.02331 -0.09458
   0.20922 -0.02313 -0.08601
   0.22371 -0.02291 -0.07711
   0.23823 -0.02265 -0.06933
   0.25277 -0.02236 -0.06149
   0.26734 -0.02204 -0.05455
   0.28193 -0.02170 -0.04766
   0.29654 -0.02135 -0.04115
   0.31116 -0.02098 -0.03569
   0.32580 -0.02060 -0.03006
   0.34045 -0.02022 -0.02530
   0.35510 -0.01984 -0.02078
   0.36975 -0.01946 -0.01701
   0.38438 -0.01908 -0.01413
   0.39900 -0.01871 -0.01334
   0.41361 -0.01834 -0.01318
   0.42820 -0.01795 -0.01055
   0.44281 -0.01755 -0.00835
   0.45742 -0.01713 -0.00503
   0.47204 -0.01670 -0.00218
   0.48666 -0.01626  0.00140
   0.50129 -0.01581  0.00419
   0.51592 -0.01535  0.00790
   0.53056 -0.01489  0.01103
   0.54521 -0.01442  0.01450
   0.55985 -0.01395  0.01740
   0.57451 -0.01347  0.02083
   0.58916 -0.01300  0.02393
   0.60382 -0.01252  0.02723
   0.61848 -0.01204  0.03017
   0.63314 -0.01157  0.03299
   0.64779 -0.01109  0.03648
   0.66244 -0.01062  0.03910
   0.67709 -0.01015  0.04208
   0.69174 -0.00969  0.04488
   0.70638 -0.00923  0.04813
   0.72103 -0.00877  0.05090
   0.73567 -0.00831  0.05369
   0.75031 -0.00786  0.05655
   0.76496 -0.00742  0.05958
   0.77960 -0.00698  0.06254
   0.79424 -0.00655  0.06559
   0.80889 -0.00612  0.06860
   0.82353 -0.00569  0.07223
   0.83817 -0.00527  0.07540
   0.85282 -0.00485  0.07920
   0.86747 -0.00444  0.08322
   0.88211 -0.00403  0.08760
   0.89676 -0.00363  0.09287
   0.91141 -0.00323  0.09807
   0.92606 -0.00283  0.10561
   0.94070 -0.00243  0.11320
   0.95528 -0.00204  0.12418
   0.96961 -0.00166  0.13877
   0.98303 -0.00130  0.16134
   0.99423 -0.00099  0.19789
   1.00000 -0.00084  0.31392
