NACA 2410                                       
 Alfa =   0.00000 Re =        0.000 Xflap,Yflap =     0.000000    0.000000
#    x        y        Cp  
   1.00000  0.00105  0.36740
   0.99414  0.00212  0.20701
   0.98350  0.00405  0.14380
   0.97082  0.00630  0.09473
   0.95676  0.00875  0.05802
   0.94200  0.01128  0.02654
   0.92693  0.01380 -0.00025
   0.91174  0.01629 -0.02328
   0.89650  0.01873 -0.04442
   0.88123  0.02113 -0.06303
   0.86594  0.02347 -0.08038
   0.85064  0.02576 -0.09692
   0.83533  0.02800 -0.11180
   0.82001  0.03019 -0.12640
   0.80468  0.03233 -0.13960
   0.78935  0.03441 -0.15330
   0.77401  0.03645 -0.16539
   0.75866  0.03843 -0.17787
   0.74331  0.04037 -0.18924
   0.72796  0.04225 -0.20083
   0.71259  0.04407 -0.21192
   0.69723  0.04585 -0.22290
   0.68186  0.04757 -0.23337
   0.66650  0.04924 -0.24408
   0.65113  0.05085 -0.25415
   0.63576  0.05241 -0.26461
   0.62038  0.05391 -0.27466
   0.60502  0.05535 -0.28449
   0.58965  0.05673 -0.29456
   0.57428  0.05805 -0.30445
   0.55892  0.05932 -0.31424
   0.54356  0.06052 -0.32430
   0.52821  0.06165 -0.33373
   0.51286  0.06272 -0.34376
   0.49752  0.06372 -0.35378
   0.48219  0.06465 -0.36362
   0.46687  0.06551 -0.37407
   0.45156  0.06629 -0.38382
   0.43626  0.06700 -0.39501
   0.42099  0.06763 -0.40605
   0.40576  0.06817 -0.41856
   0.39060  0.06863 -0.43431
   0.37552  0.06896 -0.44542
   0.36048  0.06918 -0.45530
   0.34546  0.06927 -0.46415
   0.33047  0.06924 -0.47191
   0.31551  0.06908 -0.47893
   0.30059  0.06878 -0.48505
   0.28569  0.06834 -0.49022
   0.27084  0.06776 -0.49476
   0.25603  0.06704 -0.49804
   0.24127  0.06616 -0.50094
   0.22657  0.06512 -0.50198
   0.21193  0.06392 -0.50259
   0.19736  0.06255 -0.50166
   0.18289  0.06100 -0.49966
   0.16851  0.05927 -0.49593
   0.15425  0.05735 -0.49082
   0.14014  0.05522 -0.48355
   0.12620  0.05289 -0.47452
   0.11249  0.05034 -0.46279
   0.09907  0.04757 -0.44807
   0.08604  0.04459 -0.43044
   0.07358  0.04142 -0.40823
   0.06190  0.03810 -0.38159
   0.05128  0.03474 -0.34940
   0.04195  0.03144 -0.31179
   0.03403  0.02830 -0.26842
   0.02745  0.02538 -0.21982
   0.02203  0.02271 -0.16418
   0.01758  0.02024 -0.10141
   0.01389  0.01795 -0.03118
   0.01082  0.01581  0.04992
   0.00825  0.01377  0.14393
   0.00611  0.01182  0.25233
   0.00432  0.00992  0.37462
   0.00287  0.00805  0.51467
   0.00172  0.00622  0.66397
   0.00087  0.00440  0.80882
   0.00031  0.00262  0.92831
   0.00003  0.00088  0.99340
   0.00003 -0.00080  0.98723
   0.00030 -0.00252  0.90164
   0.00088 -0.00426  0.74403
   0.00178 -0.00598  0.54993
   0.00302 -0.00766  0.35928
   0.00457 -0.00929  0.19324
   0.00646 -0.01087  0.06139
   0.00869 -0.01242 -0.04117
   0.01133 -0.01395 -0.11738
   0.01443 -0.01547 -0.17466
   0.01809 -0.01700 -0.21537
   0.02244 -0.01856 -0.24497
   0.02768 -0.02015 -0.26385
   0.03402 -0.02178 -0.27424
   0.04169 -0.02344 -0.27812
   0.05085 -0.02507 -0.27614
   0.06151 -0.02663 -0.26973
   0.07347 -0.02804 -0.25978
   0.08643 -0.02926 -0.24817
   0.10008 -0.03028 -0.23551
   0.11421 -0.03109 -0.22256
   0.12866 -0.03172 -0.20977
   0.14336 -0.03219 -0.19683
   0.15823 -0.03252 -0.18476
   0.17325 -0.03272 -0.17254
   0.18838 -0.03281 -0.16126
   0.20360 -0.03280 -0.15014
   0.21891 -0.03271 -0.13973
   0.23428 -0.03255 -0.12920
   0.24971 -0.03233 -0.11988
   0.26519 -0.03205 -0.11035
   0.28071 -0.03172 -0.10203
   0.29628 -0.03136 -0.09342
   0.31188 -0.03096 -0.08571
   0.32752 -0.03053 -0.07867
   0.34319 -0.03008 -0.07177
   0.35888 -0.02962 -0.06599
   0.37459 -0.02914 -0.06078
   0.39029 -0.02866 -0.05669
   0.40596 -0.02817 -0.05569
   0.42159 -0.02766 -0.05271
   0.43720 -0.02711 -0.04862
   0.45283 -0.02654 -0.04383
   0.46847 -0.02594 -0.03953
   0.48412 -0.02532 -0.03457
   0.49978 -0.02468 -0.02973
   0.51545 -0.02402 -0.02477
   0.53114 -0.02335 -0.01997
   0.54684 -0.02266 -0.01490
   0.56254 -0.02196 -0.01046
   0.57825 -0.02125 -0.00523
   0.59398 -0.02053 -0.00091
   0.60971 -0.01980  0.00412
   0.62544 -0.01907  0.00874
   0.64118 -0.01833  0.01336
   0.65693 -0.01758  0.01766
   0.67268 -0.01683  0.02219
   0.68844 -0.01608  0.02710
   0.70420 -0.01533  0.03130
   0.71996 -0.01458  0.03576
   0.73573 -0.01382  0.04041
   0.75150 -0.01307  0.04495
   0.76726 -0.01232  0.04967
   0.78303 -0.01156  0.05442
   0.79880 -0.01081  0.05945
   0.81457 -0.01005  0.06447
   0.83033 -0.00930  0.06972
   0.84610 -0.00854  0.07563
   0.86186 -0.00779  0.08209
   0.87762 -0.00703  0.08862
   0.89337 -0.00627  0.09612
   0.90910 -0.00551  0.10500
   0.92478 -0.00476  0.11501
   0.94034 -0.00400  0.12764
   0.95559 -0.00325  0.14274
   0.97011 -0.00254  0.16302
   0.98315 -0.00189  0.19227
   0.99404 -0.00135  0.23614
   1.00000 -0.00105  0.36740
