NACA 2411                                       
 Alfa =   0.00000 Re =        0.000 Xflap,Yflap =     0.000000    0.000000
#    x        y        Cp  
   1.00000  0.00116  0.39172
   0.99399  0.00232  0.22566
   0.98333  0.00437  0.15869
   0.97076  0.00675  0.10825
   0.95673  0.00936  0.06843
   0.94180  0.01207  0.03488
   0.92640  0.01482  0.00597
   0.91078  0.01754 -0.01945
   0.89506  0.02022 -0.04208
   0.87928  0.02285 -0.06297
   0.86348  0.02542 -0.08175
   0.84765  0.02793 -0.09963
   0.83181  0.03039 -0.11626
   0.81596  0.03280 -0.13183
   0.80010  0.03514 -0.14693
   0.78423  0.03743 -0.16118
   0.76836  0.03966 -0.17503
   0.75247  0.04183 -0.18850
   0.73659  0.04394 -0.20119
   0.72069  0.04600 -0.21387
   0.70479  0.04800 -0.22624
   0.68889  0.04993 -0.23829
   0.67299  0.05181 -0.25016
   0.65709  0.05362 -0.26179
   0.64119  0.05537 -0.27335
   0.62528  0.05706 -0.28458
   0.60938  0.05868 -0.29602
   0.59349  0.06024 -0.30719
   0.57759  0.06173 -0.31814
   0.56171  0.06315 -0.32974
   0.54583  0.06449 -0.34060
   0.52995  0.06577 -0.35171
   0.51409  0.06697 -0.36274
   0.49824  0.06809 -0.37394
   0.48240  0.06914 -0.38531
   0.46657  0.07010 -0.39686
   0.45077  0.07098 -0.40848
   0.43498  0.07177 -0.42029
   0.41924  0.07247 -0.43324
   0.40355  0.07307 -0.44770
   0.38796  0.07357 -0.46445
   0.37244  0.07393 -0.47631
   0.35698  0.07416 -0.48730
   0.34156  0.07425 -0.49705
   0.32618  0.07420 -0.50570
   0.31083  0.07400 -0.51356
   0.29554  0.07365 -0.52026
   0.28029  0.07314 -0.52629
   0.26510  0.07248 -0.53105
   0.24997  0.07165 -0.53493
   0.23491  0.07064 -0.53743
   0.21993  0.06946 -0.53920
   0.20504  0.06810 -0.53904
   0.19026  0.06655 -0.53815
   0.17561  0.06480 -0.53509
   0.16110  0.06284 -0.53044
   0.14677  0.06067 -0.52392
   0.13265  0.05829 -0.51533
   0.11882  0.05569 -0.50373
   0.10534  0.05288 -0.48976
   0.09235  0.04986 -0.47188
   0.07999  0.04668 -0.45048
   0.06848  0.04339 -0.42503
   0.05801  0.04007 -0.39512
   0.04873  0.03681 -0.36048
   0.04070  0.03368 -0.32145
   0.03385  0.03072 -0.27800
   0.02805  0.02796 -0.22963
   0.02315  0.02539 -0.17592
   0.01898  0.02297 -0.11618
   0.01543  0.02068 -0.04911
   0.01239  0.01851  0.02603
   0.00978  0.01642  0.11187
   0.00755  0.01440  0.20805
   0.00564  0.01243  0.31807
   0.00403  0.01049  0.43917
   0.00270  0.00857  0.57034
   0.00164  0.00667  0.70577
   0.00085  0.00479  0.83190
   0.00032  0.00294  0.93330
   0.00005  0.00113  0.99109
   0.00001 -0.00061  0.99442
   0.00022 -0.00239  0.93739
   0.00070 -0.00420  0.82090
   0.00147 -0.00601  0.66085
   0.00253 -0.00778  0.48618
   0.00388 -0.00952  0.32076
   0.00553 -0.01120  0.17548
   0.00747 -0.01284  0.05512
   0.00972 -0.01445 -0.04027
   0.01232 -0.01603 -0.11470
   0.01530 -0.01759 -0.17323
   0.01873 -0.01915 -0.21657
   0.02269 -0.02072 -0.24986
   0.02731 -0.02231 -0.27329
   0.03271 -0.02393 -0.28958
   0.03907 -0.02557 -0.29912
   0.04658 -0.02722 -0.30302
   0.05538 -0.02887 -0.30222
   0.06555 -0.03046 -0.29726
   0.07702 -0.03194 -0.28880
   0.08960 -0.03327 -0.27851
   0.10306 -0.03441 -0.26652
   0.11716 -0.03536 -0.25367
   0.13173 -0.03612 -0.24052
   0.14664 -0.03670 -0.22765
   0.16181 -0.03713 -0.21442
   0.17717 -0.03741 -0.20195
   0.19269 -0.03756 -0.18956
   0.20834 -0.03760 -0.17760
   0.22410 -0.03755 -0.16640
   0.23995 -0.03740 -0.15509
   0.25588 -0.03718 -0.14443
   0.27188 -0.03690 -0.13448
   0.28794 -0.03656 -0.12488
   0.30406 -0.03616 -0.11577
   0.32023 -0.03573 -0.10717
   0.33644 -0.03526 -0.09921
   0.35269 -0.03476 -0.09186
   0.36897 -0.03423 -0.08563
   0.38526 -0.03369 -0.07986
   0.40153 -0.03314 -0.07745
   0.41774 -0.03256 -0.07460
   0.43394 -0.03194 -0.06956
   0.45014 -0.03129 -0.06431
   0.46635 -0.03060 -0.05854
   0.48259 -0.02988 -0.05305
   0.49884 -0.02914 -0.04706
   0.51510 -0.02837 -0.04123
   0.53138 -0.02758 -0.03549
   0.54768 -0.02676 -0.02974
   0.56399 -0.02593 -0.02392
   0.58031 -0.02509 -0.01828
   0.59665 -0.02423 -0.01251
   0.61299 -0.02336 -0.00716
   0.62934 -0.02248 -0.00156
   0.64571 -0.02159  0.00406
   0.66207 -0.02069  0.00940
   0.67845 -0.01979  0.01479
   0.69483 -0.01887  0.02025
   0.71122 -0.01796  0.02564
   0.72760 -0.01704  0.03131
   0.74400 -0.01611  0.03650
   0.76039 -0.01519  0.04238
   0.77678 -0.01426  0.04785
   0.79318 -0.01332  0.05382
   0.80957 -0.01239  0.06003
   0.82596 -0.01145  0.06636
   0.84235 -0.01051  0.07328
   0.85874 -0.00956  0.08063
   0.87511 -0.00861  0.08866
   0.89146 -0.00766  0.09764
   0.90777 -0.00670  0.10793
   0.92397 -0.00575  0.11973
   0.93996 -0.00480  0.13406
   0.95546 -0.00387  0.15190
   0.96999 -0.00299  0.17460
   0.98295 -0.00220  0.20651
   0.99388 -0.00153  0.25346
   1.00000 -0.00116  0.39172
