NACA 2415                                       
 Alfa =   0.00000 Re =        0.000 Xflap,Yflap =     0.000000    0.000000
#    x        y        Cp  
   1.00000  0.00158  0.47793
   0.99314  0.00323  0.29067
   0.98164  0.00596  0.21180
   0.96866  0.00900  0.15268
   0.95429  0.01230  0.10428
   0.93872  0.01581  0.06279
   0.92223  0.01944  0.02625
   0.90509  0.02313 -0.00761
   0.88751  0.02682 -0.03744
   0.86965  0.03048 -0.06563
   0.85162  0.03409 -0.09171
   0.83347  0.03762 -0.11624
   0.81525  0.04108 -0.13888
   0.79697  0.04445 -0.16089
   0.77867  0.04774 -0.18207
   0.76034  0.05094 -0.20200
   0.74200  0.05404 -0.22162
   0.72365  0.05706 -0.24071
   0.70529  0.05997 -0.25934
   0.68694  0.06280 -0.27749
   0.66858  0.06552 -0.29563
   0.65024  0.06815 -0.31310
   0.63190  0.07068 -0.33083
   0.61358  0.07309 -0.34813
   0.59527  0.07541 -0.36557
   0.57699  0.07761 -0.38280
   0.55874  0.07970 -0.40001
   0.54052  0.08167 -0.41735
   0.52233  0.08352 -0.43472
   0.50419  0.08524 -0.45209
   0.48609  0.08683 -0.46964
   0.46806  0.08829 -0.48750
   0.45010  0.08961 -0.50535
   0.43223  0.09079 -0.52381
   0.41447  0.09181 -0.54341
   0.39686  0.09268 -0.56654
   0.37944  0.09336 -0.58751
   0.36216  0.09383 -0.60482
   0.34502  0.09410 -0.62035
   0.32800  0.09416 -0.63467
   0.31110  0.09400 -0.64722
   0.29435  0.09362 -0.65839
   0.27774  0.09301 -0.66813
   0.26130  0.09217 -0.67612
   0.24504  0.09110 -0.68265
   0.22900  0.08979 -0.68729
   0.21321  0.08823 -0.68959
   0.19771  0.08644 -0.69001
   0.18255  0.08440 -0.68817
   0.16779  0.08214 -0.68359
   0.15351  0.07966 -0.67652
   0.13980  0.07698 -0.66635
   0.12673  0.07414 -0.65334
   0.11440  0.07116 -0.63698
   0.10288  0.06810 -0.61828
   0.09222  0.06499 -0.59584
   0.08244  0.06186 -0.57125
   0.07354  0.05877 -0.54342
   0.06547  0.05573 -0.51250
   0.05818  0.05276 -0.47980
   0.05161  0.04986 -0.44366
   0.04568  0.04705 -0.40440
   0.04034  0.04432 -0.36352
   0.03551  0.04167 -0.31731
   0.03114  0.03909 -0.26900
   0.02718  0.03658 -0.21625
   0.02359  0.03411 -0.15886
   0.02033  0.03170 -0.09652
   0.01737  0.02933 -0.02958
   0.01469  0.02699  0.04415
   0.01227  0.02467  0.12299
   0.01009  0.02238  0.20855
   0.00813  0.02010  0.30095
   0.00640  0.01783  0.39770
   0.00488  0.01557  0.49908
   0.00357  0.01332  0.60175
   0.00247  0.01108  0.70300
   0.00157  0.00884  0.79722
   0.00089  0.00663  0.87917
   0.00040  0.00444  0.94326
   0.00011  0.00229  0.98454
   0.00000  0.00019  0.99992
   0.00007 -0.00190  0.98829
   0.00034 -0.00403  0.94746
   0.00081 -0.00618  0.87679
   0.00150 -0.00834  0.78108
   0.00242 -0.01049  0.66532
   0.00357 -0.01261  0.54009
   0.00495 -0.01470  0.41253
   0.00656 -0.01675  0.29048
   0.00839 -0.01876  0.17737
   0.01045 -0.02072  0.07546
   0.01274 -0.02263 -0.01293
   0.01526 -0.02451 -0.08937
   0.01803 -0.02635 -0.15468
   0.02106 -0.02816 -0.20977
   0.02438 -0.02995 -0.25580
   0.02800 -0.03171 -0.29389
   0.03195 -0.03345 -0.32577
   0.03629 -0.03519 -0.35099
   0.04105 -0.03691 -0.37146
   0.04629 -0.03863 -0.38708
   0.05207 -0.04034 -0.39883
   0.05847 -0.04204 -0.40678
   0.06557 -0.04373 -0.41100
   0.07346 -0.04540 -0.41293
   0.08222 -0.04704 -0.41129
   0.09194 -0.04862 -0.40726
   0.10267 -0.05014 -0.40066
   0.11443 -0.05156 -0.39186
   0.12722 -0.05285 -0.38094
   0.14097 -0.05400 -0.36881
   0.15559 -0.05497 -0.35489
   0.17097 -0.05577 -0.34050
   0.18699 -0.05637 -0.32501
   0.20354 -0.05679 -0.30965
   0.22054 -0.05704 -0.29396
   0.23791 -0.05712 -0.27835
   0.25558 -0.05704 -0.26295
   0.27351 -0.05682 -0.24787
   0.29166 -0.05647 -0.23332
   0.31000 -0.05601 -0.21926
   0.32850 -0.05544 -0.20603
   0.34714 -0.05478 -0.19327
   0.36588 -0.05404 -0.18189
   0.38469 -0.05323 -0.17138
   0.40351 -0.05237 -0.16542
   0.42231 -0.05143 -0.15768
   0.44112 -0.05041 -0.14809
   0.45996 -0.04931 -0.13792
   0.47884 -0.04813 -0.12766
   0.49778 -0.04688 -0.11704
   0.51677 -0.04557 -0.10677
   0.53581 -0.04421 -0.09620
   0.55490 -0.04279 -0.08593
   0.57403 -0.04132 -0.07567
   0.59320 -0.03981 -0.06546
   0.61240 -0.03826 -0.05531
   0.63163 -0.03667 -0.04530
   0.65089 -0.03505 -0.03529
   0.67018 -0.03340 -0.02535
   0.68948 -0.03172 -0.01542
   0.70880 -0.03002 -0.00571
   0.72813 -0.02829  0.00460
   0.74747 -0.02654  0.01490
   0.76680 -0.02477  0.02518
   0.78613 -0.02298  0.03598
   0.80544 -0.02117  0.04718
   0.82471 -0.01934  0.05897
   0.84392 -0.01749  0.07161
   0.86303 -0.01564  0.08520
   0.88195 -0.01378  0.10015
   0.90059 -0.01193  0.11690
   0.91875 -0.01010  0.13557
   0.93618 -0.00832  0.15752
   0.95258 -0.00662  0.18310
   0.96763 -0.00504  0.21467
   0.98111 -0.00361  0.25638
   0.99297 -0.00234  0.31626
   1.00000 -0.00158  0.47793
